7 5
1 2 3 4 5 6 7
1 1
1 2
1 3
1 4
5 5
14 6
5 5 5 5 6 7 8 8 8 8 9 9 9 9
3 14
1 4
2 9
3 10
4 9
6 13
14 6
5 5 5 5 6 7 8 8 8 8 9 9 9 9
3 14
1 4
2 9
3 10
4 9
7 13
14 1
5 5 5 5 6 7 8 8 8 8 9 9 9 9
7 13
10 1
5 5 5 5 6 8 9 9 9 9
3 9
16 3
-1 -1 2 2 2 2 2 56 56 56 57 100 100 100 100 101
2 10
4 8
2 15
10 3
-1 -1 1 1 1 1 3 10 10 10
2 3
1 10
5 10
10 10
-1 -1 2 2 2 56 56 100 100 100
1 1
10 10
2 3
2 10
4 6
9 9
1 6
2 9
8 10
2 5
15 10
-1 -1 2 2 2 2 2 56 56 56 57 100 100 100 100
1 1
10 12
2 6
2 10
4 8
9 9
1 4
2 15
8 14
2 7
15 10
-1 -1 2 2 2 2 2 56 56 56 57 100 100 100 100
1 1
10 12
2 3
2 10
4 6
9 9
1 6
2 9
8 10
2 5
15 10
-1 -1 2 2 2 2 2 56 56 56 57 100 100 100 100
1 1
10 12
2 6
2 10
4 8
9 9
1 4
2 15
8 14
2 7
15 10
-1 -1 2 2 2 2 2 56 56 56 57 100 100 100 100
1 1
10 12
2 3
2 10
4 6
9 9
1 6
2 9
8 10
2 5
10 10
-1 -1 2 2 2 56 56 100 100 100
1 1
10 10
2 3
2 10
4 6
9 9
1 6
2 9
8 10
2 5
15 10
-1 -1 2 2 2 2 2 56 56 56 57 100 100 100 100
1 1
10 12
2 6
2 10
4 8
9 9
1 4
2 15
8 14
2 7
15 10
-1 -1 2 2 2 2 2 56 56 56 57 100 100 100 100
1 1
10 12
2 3
2 10
4 6
9 9
1 6
2 9
8 10
2 5
15 10
-1 -1 2 2 2 2 2 56 56 56 57 100 100 100 100
1 1
10 12
2 6
2 10
4 8
9 9
1 4
2 15
8 14
2 7
15 10
-1 -1 2 2 2 2 2 56 56 56 57 100 100 100 100
1 1
10 12
2 3
2 10
4 6
9 9
1 6
2 9
8 10
2 5
15 3
-1 -1 2 2 2 2 2 56 56 56 57 100 100 100 100
2 10
4 8
2 15
16 3
-1 -1 2 2 2 2 2 56 56 56 57 100 100 100 100 101
2 10
4 8
2 15
4 1
1 2 3 4
1 4
15 3
-1 -1 2 2 2 2 2 56 56 56 57 100 100 100 100
2 10
4 8
2 15
16 3
-1 -1 2 2 2 2 2 56 56 56 57 100 100 100 100 101
2 10
4 8
2 15
10 10
-1 -1 2 2 2 56 56 100 100 100
1 1
10 10
2 3
2 10
4 6
9 9
1 6
2 9
8 10
2 5
4 2
5 10 10 5
2 3 
1 4
27 10
-7 -7 -7 -5 -5 -5 0 0 0 1 2 3 4 5 5 5 5 6 7 8 8 8 8 9 9 9 9
1 10
1 27
3 27
4 19
5 10
3 3
4 4
9 20
8 25
6 26
15 10
-1 -1 2 2 2 2 2 56 56 56 57 100 100 100 100
1 1
10 12
2 6
2 10
4 8
9 9
1 4
2 15
8 14
2 7
10 10
-1 -1 2 2 2 56 56 100 100 100
1 1
10 10
2 3
2 10
4 6
9 9
1 6
2 9
8 10
2 5
27 10
-7 -7 -7 -5 -5 -5 0 0 0 1 2 3 4 5 5 5 5 6 7 8 8 8 8 9 9 9 9
1 10
1 27
3 27
4 19
5 10
3 3
4 4
9 20
8 25
6 26
10 3
-1 -1 -1 -1 1 1 3 10 10 10
2 3
1 10
5 10
10 2
-1 -1 2 2 2 56 56 100 100 100
1 1
4 6
7 5
1 2 3 4 5 6 7
1 1
1 2
1 3
1 4
5 5
14 1
5 5 5 5 6 7 8 8 8 8 9 9 9 9
7 13
10 1
5 5 5 5 6 8 9 9 9 9
3 9
14 1
5 5 5 5 6 7 8 8 8 8 9 9 9 9
7 13
10 1
5 5 5 5 6 8 9 9 9 9
3 9
10 3
-1 -1 1 1 1 1 3 10 10 10
2 3
1 4
6 8
10 10
-1 -1 2 2 2 56 56 100 100 100
1 1
10 10
2 3
2 10
4 6
9 9
1 6
2 9
8 10
2 5
15 10
-1 -1 2 2 2 2 2 56 56 56 57 100 100 100 100
1 1
10 12
2 6
2 10
4 8
9 9
1 4
2 15
8 14
2 7
16 3
-1 -1 2 2 2 2 2 56 56 56 57 100 100 100 100 101
2 10
4 8
2 15
4 2
5 10 10 5
2 3 
1 4
27 10
-7 -7 -7 -5 -5 -5 0 0 0 1 2 3 4 5 5 5 5 6 7 8 8 8 8 9 9 9 9
1 10
1 27
3 27
4 19
5 10
3 3
4 4
9 20
8 25
6 26
7 4
1 2 3 4 5 6 7
1 6
2 5
2 7
3 6
10 3
-1 -1 1 1 1 1 3 10 10 10
2 3
1 10
5 10
0
