8
1 1
R
2 3
LLRU
3 2
LLRU
4 3
ULURUDRDLD
3 6
RURUR
3 2
RDDULDUURDD
2 3
RDDULDUURDDR
3 3
RRLUUDRUDDR

1
5 6
1 3 2
2 1 -3
3 2 1
3 5 -1
4 5 -2
2 4 3
1 5

3
3
3 9
2 8
6 9
4
1 7
5 8
7 8
1 8
6
7 9
0 10
4 5
8 9
4 10
5 7

5
eggs sugar flour salt
sugar eggs milk flour
aa ab ac ad
ac ad ae af
cookies sugar grass lemon
lemon meat chili wood
one two three four
one two three four
gibberish jibberish lalalalala popopopopo
jibberisz gibberisz popopopopu lalalalalu

4
3 4
3 1 2 3
2 1 3
2 1 2
2 3
3 1 2 3
2 1 3
2 3
2 1 2
2 1 3
4 8
2 1 4
3 1 5 7
2 4 6
3 2 3 8

5
10100
1100001
000000000111
001110100011010
100000

3
5 4 100 2 3
1 5 50
5 3 160
5 4 100 2 3
1 5 50
5 3 140
8 3 15 7 5
3 4 10
4 5 20
5 6 10
6 1 7
3 7 1000
7 8 50
3 5 1000000000

9 3 3
20 14 3 8 2 7 12 10 2
1 2
1 3
2 5

8 1 4
4 7 8
1 2
2 6
6 7
7 1


2
8 5
20 10 10 10 7 7 7 10
2 6 2
3 6 2
3 6 3
3 8 3
3 8 1
3 2
27 27 27
1 3 1
2 2 1

1
8 6
1 2
2 3
3 4
5 6
6 7
7 8
4
1 5 3
2 6 4
3 5 1
4 8 2

6
18
..H..T...HTH....T.
3
...
10
H..H..T..T
2
HT
11
.T...H..H.T
7
H..T..H

4
5 2
21 9 5 8 10
10
15
5 1
1 2 3 4 5
100
20 2
10000000000  9 12 22 23 23 27 8 24 100 1000 1000 2894 33 3949 9548 48 10 48 23
10000000000
19

7
##..##.
.#####.
1
14
.#####..#####.
.###.######.##

2
5
#...#
.#...
4
####
#..#

4
*##*
*###
1
7
######.
###..##
1
5
#####
##.##


3
2
**
**
3
***
*..
3
*..
.*.

temp1=max(a[i][j],a[i-1][j]);
temp2=max(temp1,a[i-1][j+1]);
temp3=max(temp2,a[i][j+1]);
temp4=max(temp3,a[i+1][j+1]);
temp5=max(temp4,a[i+1][j]);
temp6=max(temp5,a[i+1][j-1]);
temp7=max(temp6,a[i][j-1]);
temp8=max(temp7,a[i-1][j-1]);

5
2 2
1 1
1 1
2 2
1 1
1 2
3 4
1 2 1 2
1 1 1 2
1 1 2 2
4 4
1 3 2 3
1 2 1 3
1 2 2 2
3 2 1 2
4 5
2 3 3 3 3
2 1 1 2 3
2 2 2 1 3
2 2 1 2 3

5 5
3 3 3 3 3
3 2 2 2 3
3 1 3 2 3
3 1 2 2 3
3 3 3 3 3
6 6
3 1 2 1 1 3
3 2 2 1 1 3
3 1 3 3 1 3
3 1 3 3 1 3
3 1 1 1 1 3
3 1 1 1 1 3

1
5 5
3 1 1 1 3
3 1 1 1 3
1 1 3 1 3
3 1 1 1 3
3 1 1 1 3

3
3
*..
..*
3
***
*..
3
*..
.*.

5
*.*..
.*..*
5
*.*.*
.*.*.
5
*..*.
.**.*

4
sm
ssm
sms
ssmmmssss

1 
3 2 3
7 7 9
5 6
4 4 4 

1
8
-1 -2 -1 0 2 3 4 5

4
2 2
1 1
1 1
3 2
2 1 2
2 1 2
2 1 2
3 4
3 1 2 3
4 1 2 3 4
3 2 3 4
4 9
6 1 2 4 5 7 9
5 3 4 5 6 7
4 4 5 6 9
3 7 8 9


2
10
0 1 2 3 0 1 2 1 0 0
5 6 7 8 2 6 10 10 6 7
5
0 1 2 0 2
5 6 7 8 2


14
99999
9999
9996999
1001
1232456
1234
10000
99899
998999
10001
989999
888888
99989
999899
1010101

8
0
9
99
999
9999
101
11
100000

19
12345
14325
12325
52321
12945
12925
99998
99999
98999
89999
231
132
268545813
208545813
2862
2682
2221
1222
2993

#chef's garden

6
3
0 1
2 2
0 3
2
2 1
1 2
3
1 1
2 2
3 3
1
1 1
6
1 2
3 1
1 2
4 3
6 1
4 2
4
1 4
3 2
1 5
3 3

1
3
3 0
1 2
3 1


2
2
3 5
8 100
3
5 100 1
2
5 100



6
<<<
<><
<=>
<=<
<<><<
><<==><


3
2 3
1 2 300
2 2 100
2 3
1 1 100
2 2 300
2 3
3 2 150
1 1 200


0 0
1 1
1 1
400000004 200000003

0 0
1 1
1 1
400000004 200000003




4
4
400000004 200000003
5
428571433 459993045
6
666666673 777615576
7
411042269 636363644

Result of division is 666666673Result of division is 333333338


inv = 333333336
Result of division is 666666673
inv = 666666673
Result of division is 333333338

inv = 333333336
inv = 355523117
666666673 777615576


fraction is = 499500 1997
inv = 401572850
inv = 517098815
637170905 855767890

1997 499500 
inv = 819228849
Result of division is 807211072
inv = 828242371
Result of division is 60591137

1997 499500
inv = 35749750
Result of division is 392250253
inv = 577799805
Result of division is 866200208


4
1
2
3
4

2
5
1 2 1
2 3 2 
2 4 5
3 5 10
6
5 4 5
5 4 10
5 4 1
1 2 1
4 1 10
1 5 8
5
1 2 1
2 3 2 
2 4 5
4 5 10
6
5 4 5
5 4 10
5 4 1
1 2 1
4 1 10
1 5 8




5
3 6
100 100
-50 100
0 -100
111110
110011
001111
3 6
100 100
-50 100
0 -100
111110
110011
111111
3 6
100 100
-50 100
0 -210
111110
110011
111111
3 6
100 100
-50 100
0 -210
111010
110011
111011
10 12
763 77
512 859
494 362
-986 -885
-866 890
128 553
-879 981
449 310
-406 10
-955 -475
000000100001
100000000000
000000010000
000100000010
000010000001
000000000001
000001000010
000000000100
011000000000
000000001000


1
10
1 2 3 4 5 6 7 8 9 10
10 9 8 7 6 5 4 3 2 1 
5346576



Gandhi 
M. Gandhi 
M. K. Gandhi

--------------------------------
10378589
100100

1
10000



3
.**
*.*


ret=max(temp3,a[i][j-1]);



3
3
1 2 1
4
1 1 2 1
5
1 2 6 2 1
18
5 4 4 5 2 2 4 7 6 5 4 4 5 2 2 4 7 6


1
4
2 2 3 7
6
2 9 11 3 9 10
2
5 2
21 9 5 8 10
10
15
10 3
17 22 49 73 75 73 19 98 84 96
16
19
115

25 9
1 2 3 4 9 5 12 11 10
5 1
2 3 4 5 6
5
89547 367 88 1 65 383 28 38 884  130 


1
15 2
1 1 1 1 1 1 1 1 1 1 1 1 1 1 1
2
2


4
10 10
1 2 3 4 5 6 7 8 9 10
1 2 3 4 5 6 7 8 9 10
1 2 3 4 5 6 7 8 9 10
1 2 3 4 5 6 7 8 9 10
1 2 3 4 5 6 7 8 9 10
1 2 3 4 5 6 7 8 9 10
1 2 3 4 5 6 7 8 9 10
1 2 3 4 5 6 7 8 9 10
1 2 3 4 5 6 7 8 9 10
1 2 3 4 5 6 7 8 9 10
2 3 4 5 1 1 3 5 4 7
2 3 4 5 1 1 3 5 4 7
2 3 4 5 1 1 3 5 4 7
2 3 4 5 1 1 3 5 4 7
2 3 4 5 1 1 3 5 4 7
2 3 4 5 1 1 3 5 4 7
2 3 4 5 1 1 3 5 4 7
2 3 4 5 1 1 3 5 4 7
2 3 4 5 1 1 3 5 4 7
2 3 4 5 1 1 3 5 4 7
2 2
1 2
3 4
2 3
1 4
2 2
1 2
2 4
2 1
3 4
3 3
1 2 3
3 5 2
2 2 3
3 2 1
9 1 4
4 7 8

1
5 7 2
1 2 7
1 3 5
1 5 2
2 4 10
2 5 1
3 4 3
3 5 4
3
1 4 4
5 3 1
5 1 1


15
I 7
I 7
I 2
D 2
C 5
I 4
I 7
I 1
I 2
K 2
K 1
K 2
I 6
K 4
I 10

8
I -1
I -1
I 2
C 2
K 2
D -1
K 1
K 2

14 6
5 5 5 5 6 7 8 8 8 8 9 9 9 9
3 14
1 4
2 9
3 10
4 9
6 13

5
50
50 50 50 50 50 50 50 50 50 50 50 50 50 50 50 50 50 50 50 50 50 50 50 50 50 50 50 50 50 50 50 50 50 50 50 50 50 50 50 50 50 50 50 50 50 50 50 50 50 50
50
50 50 50 50 50 50 50 50 50 50 50 50 50 50 50 50 50 50 50 50 50 50 50 50 50 50 50 50 50 50 50 50 50 50 50 50 50 50 50 50 50 50 50 50 50 50 50 50 50 50
50
50 50 50 50 50 50 50 50 50 50 50 50 50 50 50 50 50 50 50 50 50 50 50 50 50 50 50 50 50 50 50 50 50 50 50 50 50 50 50 50 50 50 50 50 50 50 50 50 50 50
50
50 50 50 50 50 50 50 50 50 50 50 50 50 50 50 50 50 50 50 50 50 50 50 50 50 50 50 50 50 50 50 50 50 50 50 50 50 50 50 50 50 50 50 50 50 50 50 50 50 50
50
50 50 50 50 50 50 50 50 50 50 50 50 50 50 50 50 50 50 50 50 50 50 50 50 50 50 50 50 50 50 50 50 50 50 50 50 50 50 50 50 50 50 50 50 50 50 50 50 50 50

1
10
20 20 20 20 20 20 20 20 20 20 
20
40 40 45 30 23 40 10 45 10 23 40 30 45 14 23 40 11 45 33 23

3
15
1 2 1 3 1 4 3 3 5 5 6 7 7 8 9
5
1 9
2 5
8 1
3 4
2 10
15
2 2 3 3 4 5 1 7 9 10 1 3 3 3 2
5
1 9
2 5
8 1
3 4
2 10
4
4 4 4 3
3
1 1
1 4
1 2

9
324 3 23 -234 32 -4 324 435 -5775
3
1 9
3 5
5 9

9
324 3 23 -234 32 -4 324 435 -5775
3
5 9
3 5
5 9

7
2 2
1 1 0
1 2 1
2 2
1 2 1
2 1 0
4 5
1 1 0
2 1 0
1 3 0
1 4 1
3 4 0
3 2
2 2 0
2 3 1
3 3
1 2 1
2 3 1
1 3 1
3 4
1 2 0
2 1 0
1 3 1
3 1 0


6
5 5
1 1 2
1 4 5
2 1 2
2 1 3
2 3 4
1 2
1 1 1
1 1 1
10 10
1 1 10
2 1 1
2 1 2
2 1 3
2 1 4
2 1 5
2 1 6
2 1 7
2 1 8
2 1 9
10 10
1 1 10
2 1 1
2 1 2
2 1 3
1 1 3
2 1 5
2 1 6
1 1 5
2 1 8
2 1 9
12 8
1 3 12
2 1 1
2 1 2
1 1 3
1 1 5
2 1 4
1 6 11
2 5 7
1 4
1 1 1
2 1 1
2 1 1
2 1 1

1
8 4
1 1 3 
1 2 5
1 1 6
1 4 8


10 10
1 10 10
1 1 1
2 1 2
2 1 3
2 1 4
2 1 5
2 1 6
2 1 7
2 1 8
2 1 9
1
2 4
1 1 2
2 1 1
2 1 1
2 1 2

10 10
1 1 8
2 1 1
2 1 2
2 1 3
2 1 4
2 1 5
2 1 6
2 1 7
2 1 8
2 1 9


2
1 4
1 1 1
2 1 1
2 1 2
2 1 3
1 4  
2 1 1
2 1 2
2 1 3
2 1 4

1
5 5
1 2 1
2 5 1
3 4 1
4 5 0
3 5 0

1
5 5
1 2 1
3 4 1
4 5 1
4 1 0
5 3 1

1
4 5
1 1 0
2 1 0
1 3 0
1 4 1
3 4 0

1
4 4
1 4 0
3 2 0
1 3 1
2 4 0

90
324 3 23 -234 32 -4 324 435 -5775
324 3 23 -234 32 -4 324 435 -5775
324 3 23 -234 32 -4 324 435 -5775
324 3 23 -234 32 -4 324 435 -5775
324 3 23 -234 32 -4 324 435 -5775
324 3 23 -234 32 -4 324 435 -5775
324 3 23 -234 32 -4 324 435 -5775
324 3 23 -234 32 -4 324 435 -5775
324 3 23 -234 32 -4 324 435 -5775
324 3 23 -234 32 -4 324 435 -5775
10
2 2
1 4
3 5
5 9
1 40
2 50
5 90
10 40
50 90
30 50

8
-234 435 324 -78 23 17 32 -4
3
1 8
1 5
3 7

6
-1 -1 -1 -1 -1 -1
4
1 6
2 5
3 5
2 6

10
10 -1 -1 -1 -1 10 10 10 10 10
1
2 5



5
7 0
8 4 3 10 5 6 7
7 5
8 4 3 10 5 6 7
10 4
10 15 12 9 8 7 2 2 5 1
10 4
10 15 12 9 8 7 2 2 5 6
10 8
10 15 12 9 8 7 2 2 5 6


13
2 3 2 9
1 5 10 5
2 3 2 9
2 5 10 5
2 3 2 9
2 5 -10 5
2 3 8 3
4 3 4 7
2 3 8 3
5 3 5 7
2 3 2 9
-1 5 7 5
2 3 2 9
3 5 6 5
2 3 2 9
1 5 -3 5
2 3 2 9
2 10 2 14
2 3 2 9
3 3 3 9
2 3 8 3
2 4 8 4
2 3 8 3
5 2 5 -2
2 3 8 3
3 4 3 9

2 3 8 3
-1 3 2 3


1
0 1 5 1
1 3 1 1


1
1 2 1 2
1 -1 1 4

1
1 2 1 2
1 3 1 3


2 3 2 9
2 4 4 4

2 3 2 3
2 3 2 3

2 3 8 3
4 3 4 3

2 3 8 3
2 -12 2 3

1 3 1 6
1 4 2 4

1 1 1 1
2 1 2 5
2 1 3 1
-1 1 3 1
1 -1 1 4
1 1 1 1
-1 1 4 1
1 1 1 1
0 1 4 1

4
2 1 8 1
11 1 7 1
2 1 8 1
11 1 9 1
2 1 8 1
3 1 3 -2
2 1 8 1
2 1 2 -2


2 1 8 1
2 2 2 -2

2 3 8 3
2 7 2 3
2 3 8 3
10 3 8 3

2 3 2 9
2 1 2 10
2 3 8 3
1 3 9 3

1 1 1 1
1 2 1 3

2 3 2 9
2 6 2 11

8 3 -2 3
5 3 5 -2
2 2 2 8
1 8 4 8
-1 -3 -5 -9
-2 -2 -2 -8
-2 -4 -2 -7
8 4 1 4
8 4 8 9

1 1 1 1
1 2 1 3

1 4 1 9
1 2 1 8
2 1 8 1
4 1 4 1
1 4 1 8
1 2 1 3
8 1 2 1
9 1 6 1
3 2 3 9
-2 2 4 2
3 2 3 9
3 10 3 11 
f( ; i < n; ++i)
{
    // The element at the front of the queue is the largest element of
    // previous window, so print it
    cout << arr[Qi.front()] << " ";

    // Remove the elements which are out of this window
    while ( (!Qi.empty()) && Qi.front() <= i - k)
        Qi.pop_front();  // Remove from front of queue

    // Remove all elements smaller than the currently
    // being added element (remove useless elements)
    while ( (!Qi.empty()) && arr[i] >= arr[Qi.back()])
        Qi.pop_back();

        // Add current element at the rear of Qi
    Qi.push_back(i);
}

    // Print the maximum element of last window
    cout << arr[Qi.front()];
}
3
216 11
3 7 5 4 9 6 1 3 9 6 1 3 7 3 3 9 6 10 3 7 5 4 9 6 1 3 9 6 1 3 7 3 3 9 6 10 3 7 5 4 9 6 1 3 9 6 1 3 7 3 3 9 6 10 3 7 5 4 9 6 1 3 9 6 1 3 7 3 3 9 6 10 3 7 5 4 9 6 1 3 9 6 1 3 7 3 3 9 6 10 3 7 5 4 9 6 1 3 9 6 1 3 7 3 3 9 6 10 3 7 5 4 9 6 1 3 9 6 1 3 7 3 3 9 6 10 3 7 5 4 9 6 1 3 9 6 1 3 7 3 3 9 6 10 3 7 5 4 9 6 1 3 9 6 1 3 7 3 3 9 6 10 3 7 5 4 9 6 1 3 9 6 1 3 7 3 3 9 6 10 3 7 5 4 9 6 1 3 9 6 1 3 7 3 3 9 6 10 3 7 5 4 9 6 1 3 9 6 1 3 7 3 3 9 6 10
45 36 31 26 24 18 15 12 8 4 1
8 3
3 7 5 4 9 6 1 3
6 3 1
18 5
3 7 5 4 9 6 1 3 9 6 1 3 7 3 3 9 6 10 
10 8 6 4 2

1
8 3
3 7 5 4 9 6 1 3
6 4 2

3
5 5
0 0 1 0 1
2 5
0 0 1 0 1
1 4
1 0 0 0

8 11 4
1 2 15
1 3 7
1 4 10
1 5 25
2 3 14
2 4 18
3 5 8
3 7 19
4 6 12
6 7 17
7 8 13

3
4 2
abcb
7 1
aayzbaa
12 80123123
abzbabzbazab

3
7 1
aayzbaa
4 2
abcb
12 80123123
abzbabzbazab


4
3 3
1 2
2 3
1 3
7 6
1 3
1 5
1 4
3 2
5 6
5 7
4 2
1 2
3 4
4 3
1 4
2 3
3 4


4 7
1 0 3
0 1 2
1 0 1
1 0 0
0 0 3
1 0 3 
1 3 3

26
abbaabbaabbaabbaabbaabbaab

//

5
CES
CS
CCC
SC
ESSSSS

2
20
0 1 1 2 4 2 3 5 3 4 0 1 1 2 4 2 3 5 3 4
3
0 1 2

4
1
1 2
3
1 2 3 4 5 6
15
7 2 9 4 10 5 11 13 6 8 3 1 14 12 28 27 26 25 24 21 22 23 20 18 19 17 16 15 30 29
3
1 2 2 3 3 2

18 6 8
1 1 0 1 0 1 1 0 1 0 1 0 1 0 1 1 1 0
?!?!!?!?

6 25
1 4 3 6 8 2
5 9
1 2 3 4 5
6 14
2 3 4 6 7 14
8 15
2 3 3 4 5 5 5 5

4 8 11
1 0 0 1
?!?!?!?!?!?

4 1000000000000000000
100000 10000000 1000000000000000 99999999999999999


9
+ cify
- codeforces
- codefst
- ctxml
+ codechef
- youtube
+ google
+ youbify
+ annnauni

10
+ facemash
+ codeforces
- codechef
- yify
- ctxml
+ ctzlm
+ google
- annnauni
- facebook
- whatsapp

8
+ facemash
+ codeforces
+ codechef
- yify
- google
- annnauni
- facebook
- whatsapp

13
- anna
+ ammma
+ annnnnna
- abs
+ google
+ yahoo
+ facad
- yahoomail
- facebook
- whatsapp
- youtube
- youzuuu
+ facemash

6
- abs
+ aaaad
+ abc
- anna
- annnt
+ annnna

+ annnnz

15
- anna
+ abn
+ ammma
+ anany
+ annz
- absyt
- absty
- abs
- abhi
+ google
+ gooyot
+ gmr
- facebook
- whatsapp
- youtube

1
+ yify
void print(int i)
{
    int te1=f; int te2=r;
    cout<<"\nafter flip : "<<i<<endl;
    if(n==1)
        cout<<a[i];
    else
    {
        while(te1!=te2)
        {
            cout<<a[te1]<<" ";
            increment(te1);
        }
        cout<<a[te2];
        cout<<endl;
        decrement(f); decrement(r);
    }
}


value == 10    value == 4
value == 9    value == 2
value == 7    value == 0
value == 5    value == 5
value == 4    value == 3
value == 2    value == 1
10 9 7 



9
2 1 0 3 0 0 3 2 4


2147483647

s+=(tot_b*((k-1)*k) - ((k*(k-1))/2)) + (k-1)*d;


1
18 5
3 7 5 4 9 6 1 3 9 6 1 3 7 3 3 9 6 10
10 8 6 4 2


10   8    6    4   2
the domain is :   
31   16   22   7   10   
30   22   20   12  12   
28   21   16   9   9   
30   17   20   5   13   
31   19   22   12  15   
26   17   14   7   7   
29   7    11   4   4   
34   9    17   4   12   
41   15   19   12  15   
0   12    13    7   7   
0   16    14    4   4   
0   0     19    6   10   
0   0     26   10   10   
0   0      0   6    6   
0   0      0   12   12   
0   0      0    0   15   
0   0      0    0   16   
0   0      0    0    0

41
       
the domain is:
31   16   22   7   10   
30   22   20   12  12   
27   21   16   9   9   
29   17   20   5   13   
28   19   22   12  15   
22   15   14   7   7   
25   12   11   4   4   
30   14   17   4   12   
0   20    19   12  15   
0   17    13    7   7   
0   0     16    4   4   
0   0     21    6   10   
0   0      0   10   10   
0   0      0   6   6   
0   0      0   0   12   
0   0      0   0   15   
0   0      0   0   0   
0   0      0   0   0

31
       
21   8   3   
19   9   7   
15   13   5   
0   10   4   
0   7   9   
0   4   6   
0   0   1   
0   0   3

21
