main: Input: (())())))))()()()()()() and length = 23
0, 22
1
0, 21
3
0, 20
1
0, 19
3
0, 18
1
0, 17
3
0, 16
1
0, 15
3
0, 14
1
0, 13
3
0, 12
1
0, 11
3
0, 10
1
0, 9
0, 8
1
0, 7
0, 6
1
0, 5
1, 4
3
1, 3
1
1, 2
4
2, 3
3
4
2, 4
1
3
2, 3
2
3, 4
3
4
0, 2
1
0, 1
3
4
1, 2
2
1, 6
1, 5
1
1, 4
2
2, 5
3
2, 4
2
3, 5
1
3
3, 4
2
4, 5
4
2, 6
1
3
2, 5
2
3, 6
3
3, 5
2
4, 6
1
4, 5
2
5, 6
3
4
1, 7
1
1, 6
2
2, 7
3
2, 6
2
3, 7
1
3
3, 6
2
4, 7
4, 6
2
5, 7
1
3
5, 6
2
6, 7
3
4
1, 8
1, 7
2
2, 8
1
3
2, 7
2
3, 8
3
3, 7
2
4, 8
1
4, 7
2
5, 8
3
5, 7
2
6, 8
1
3
6, 7
2
7, 8
3
4
1, 9
1
1, 8
2
2, 9
3
2, 8
2
3, 9
1
3
3, 8
2
4, 9
4, 8
2
5, 9
1
3
5, 8
2
6, 9
3
6, 8
2
7, 9
1
3
7, 8
2
8, 9
3
4
1, 10
1, 9
2
2, 10
1
3
2, 9
2
3, 10
3
3, 9
2
4, 10
1
4, 9
2
5, 10
3
5, 9
2
6, 10
1
3
6, 9
2
7, 10
3
7, 9
2
8, 10
1
3
8, 9
2
9, 10
3
4
1, 11
1
3
1, 10
2
2, 11
3
2, 10
2
3, 11
1
3
3, 10
2
4, 11
3
4, 10
2
5, 11
1
3
5, 10
2
6, 11
3
6, 10
2
7, 11
1
3
7, 10
2
8, 11
3
8, 10
2
9, 11
1
3
9, 10
2
10, 11
3
4
1, 12
1, 11
2
2, 12
1
3
2, 11
2
3, 12
3
3, 11
2
4, 12
1
4, 11
2
5, 12
3
5, 11
2
6, 12
1
3
6, 11
2
7, 12
3
7, 11
2
8, 12
1
3
8, 11
2
9, 12
3
9, 11
2
10, 12
1
3
10, 11
2
11, 12
4
1, 13
1
3
1, 12
2
2, 13
3
2, 12
2
3, 13
1
3
3, 12
2
4, 13
3
4, 12
2
5, 13
1
3
5, 12
2
6, 13
3
6, 12
2
7, 13
1
3
7, 12
2
8, 13
3
8, 12
2
9, 13
1
3
9, 12
2
10, 13
3
10, 12
2
11, 13
1
3
11, 12
2
12, 13
3
4
1, 14
1, 13
2
2, 14
1
3
2, 13
2
3, 14
3
3, 13
2
4, 14
1
4, 13
2
5, 14
3
5, 13
2
6, 14
1
3
6, 13
2
7, 14
3
7, 13
2
8, 14
1
3
8, 13
2
9, 14
3
9, 13
2
10, 14
1
3
10, 13
2
11, 14
12, 13
2
caught 11, 14
1, 15
1
3
1, 14
2
2, 15
3
2, 14
2
3, 15
1
3
3, 14
2
4, 15
3
4, 14
2
5, 15
1
3
5, 14
2
6, 15
3
6, 14
2
7, 15
1
3
7, 14
2
8, 15
3
8, 14
2
9, 15
1
3
9, 14
2
10, 15
3
10, 14
2
11, 15
1
3
11, 14
2
12, 15
3
12, 14
1
3
12, 13
2
13, 14
4
13, 15
1
3
13, 14
2
14, 15
3
4
1, 16
1, 15
2
2, 16
1
3
2, 15
2
3, 16
3
3, 15
2
4, 16
1
4, 15
2
5, 16
3
5, 15
2
6, 16
1
3
6, 15
2
7, 16
3
7, 15
2
8, 16
1
3
8, 15
2
9, 16
3
9, 15
2
10, 16
1
3
10, 15
2
11, 16
12, 15
2
11, 13
2
1, 17
1
3
1, 16
2
2, 17
3
2, 16
2
3, 17
1
3
3, 16
2
4, 17
3
4, 16
2
5, 17
1
3
5, 16
2
6, 17
3
6, 16
2
7, 17
1
3
7, 16
2
8, 17
3
8, 16
2
9, 17
1
3
9, 16
2
10, 17
3
10, 16
2
11, 17
1
3
11, 16
2
12, 17
3
12, 16
1
3
12, 15
2
13, 16
14, 15
2
caught 13, 16
13, 17
1
3
13, 16
2
14, 17
3
14, 16
1
3
14, 15
2
15, 16
4
15, 17
1
3
15, 16
2
16, 17
3
4
1, 18
1, 17
2
2, 18
1
3
2, 17
2
3, 18
3
3, 17
2
4, 18
1
4, 17
2
5, 18
3
5, 17
2
6, 18
1
3
6, 17
2
7, 18
3
7, 17
2
8, 18
1
3
8, 17
2
9, 18
3
9, 17
2
10, 18
1
3
10, 17
2
11, 18
12, 17
2
11, 14
2
15, 18
16, 17
2
caught 15, 18
caught 11, 18
1, 19
1
3
1, 18
2
2, 19
3
2, 18
2
3, 19
1
3
3, 18
2
4, 19
3
4, 18
2
5, 19
1
3
5, 18
2
6, 19
3
6, 18
2
7, 19
1
3
7, 18
2
8, 19
3
8, 18
2
9, 19
1
3
9, 18
2
10, 19
3
10, 18
2
11, 19
1
3
11, 18
2
12, 19
3
12, 18
1
3
12, 17
2
13, 18
14, 17
2
13, 15
2
13, 19
1
3
13, 18
2
14, 19
3
14, 18
1
3
14, 17
2
15, 18
2
15, 19
1
3
15, 18
2
16, 19
3
16, 18
1
3
16, 17
2
17, 18
4
17, 19
1
3
17, 18
2
18, 19
3
4
1, 20
1, 19
2
2, 20
1
3
2, 19
2
3, 20
3
3, 19
2
4, 20
1
4, 19
2
5, 20
3
5, 19
2
6, 20
1
3
6, 19
2
7, 20
3
7, 19
2
8, 20
1
3
8, 19
2
9, 20
3
9, 19
2
10, 20
1
3
10, 19
2
11, 20
12, 19
2
11, 15
2
1, 21
1
3
1, 20
2
2, 21
3
2, 20
2
3, 21
1
3
3, 20
2
4, 21
3
4, 20
2
5, 21
1
3
5, 20
2
6, 21
3
6, 20
2
7, 21
1
3
7, 20
2
8, 21
3
8, 20
2
9, 21
1
3
9, 20
2
10, 21
3
10, 20
2
11, 21
1
3
11, 20
2
12, 21
3
12, 20
1
3
12, 19
2
13, 20
14, 19
2
13, 16
2
17, 20
18, 19
2
caught 13, 20
13, 21
1
3
13, 20
2
14, 21
3
14, 20
1
3
14, 19
2
15, 20
16, 19
2
15, 17
2
15, 21
1
3
15, 20
2
16, 21
3
16, 20
1
3
16, 19
2
17, 20
2
17, 21
1
3
17, 20
2
18, 21
3
18, 20
1
3
18, 19
2
19, 20
4
19, 21
1
3
19, 20
2
20, 21
3
4
1, 22
1, 21
2
2, 22
1
3
2, 21
2
3, 22
3
3, 21
2
4, 22
1
4, 21
2
5, 22
3
5, 21
2
6, 22
1
3
6, 21
2
7, 22
3
7, 21
2
8, 22
1
3
8, 21
2
9, 22
3
9, 21
2
10, 22
1
3
10, 21
2
11, 22
12, 21
2
11, 16
2
main: solution: 8
